   0.0000000e+00   6.8407448e+01  -2.6464169e+02   3.6065103e+02
   1.3671466e-04   8.7983091e+01  -2.6694494e+02   3.5461376e+02
   2.7342932e-04   1.0461357e+02  -2.6978528e+02   3.4854329e+02
   4.1014398e-04   1.2379726e+02  -2.7775205e+02   3.3796870e+02
   5.4685865e-04   1.3312939e+02  -2.8422457e+02   3.2248055e+02
   6.8357331e-04   1.3977514e+02  -2.9041663e+02   3.0304094e+02
   8.2028797e-04   1.4274807e+02  -2.9805946e+02   2.7720325e+02
   9.5700263e-04   1.3813944e+02  -3.0538577e+02   2.4786758e+02
   1.0937173e-03   1.3874449e+02  -3.1398243e+02   2.2018316e+02
   1.2304320e-03   1.3875146e+02  -3.2246320e+02   1.7829954e+02
   1.3671466e-03   1.3933984e+02  -3.3039771e+02   1.4109066e+02
   1.5038613e-03   1.4681089e+02  -3.3821329e+02   1.0544899e+02
   1.6405759e-03   1.4239817e+02  -3.4502147e+02   7.9424014e+01
   1.7772906e-03   1.4583050e+02  -3.4973880e+02   5.2010178e+01
   1.9140053e-03   1.5182406e+02  -3.5379191e+02   2.0681647e+01
   2.0507199e-03   1.6765484e+02  -3.5515174e+02   3.4344755e+00
   2.1874346e-03   1.7896134e+02  -3.5530256e+02  -1.0193576e+01
   2.3241492e-03   1.9355862e+02  -3.5241172e+02  -1.7390544e+01
   2.4608639e-03   2.0945574e+02  -3.4779947e+02  -2.0625192e+01
   2.5975786e-03   2.2231094e+02  -3.4166097e+02  -1.9697359e+01
   2.7342932e-03   2.4388166e+02  -3.3036992e+02  -1.7079491e+01
   2.8710079e-03   2.5847040e+02  -3.2074519e+02  -5.1789219e+00
   3.0077226e-03   2.7691098e+02  -3.0659398e+02   1.1222463e+00
   3.1444372e-03   2.9473396e+02  -2.9224920e+02   7.4963304e+00
   3.2811519e-03   3.1198015e+02  -2.7557801e+02   1.3989583e+01
   3.4178665e-03   3.2737961e+02  -2.5918835e+02   1.1913597e+01
   3.5545812e-03   3.4473597e+02  -2.3661222e+02   1.5279587e+01
   3.6912959e-03   3.5330590e+02  -2.2756353e+02   1.9716431e+01
   3.8280105e-03   3.6200600e+02  -2.1505496e+02   1.4357647e+01
   3.9647252e-03   3.6622973e+02  -2.0507792e+02  -1.4009432e+00
   4.1014398e-03   3.6836695e+02  -1.9192717e+02  -1.7026730e+01
   4.2381545e-03   3.6462324e+02  -1.8920498e+02  -3.7212638e+01
   4.3748692e-03   3.5758690e+02  -1.8294992e+02  -6.2722637e+01
   4.5115838e-03   3.4962222e+02  -1.6777904e+02  -9.2492305e+01
   4.6482985e-03   3.3857419e+02  -1.6740984e+02  -1.2635316e+02
   4.7850132e-03   3.2689431e+02  -1.5911717e+02  -1.6068815e+02
   4.9217278e-03   3.1489221e+02  -1.5090303e+02  -1.8812400e+02
   5.0584425e-03   3.0289546e+02  -1.4489895e+02  -2.2054414e+02
   5.1951571e-03   2.9255376e+02  -1.3714577e+02  -2.5607309e+02
   5.3318718e-03   2.8289528e+02  -1.2347632e+02  -2.8377865e+02
   5.4685865e-03   2.7566364e+02  -1.2236384e+02  -3.0765567e+02
   5.6053011e-03   2.7052809e+02  -1.1305042e+02  -3.2690000e+02
   5.7420158e-03   2.6799091e+02  -1.0245542e+02  -3.4058500e+02
   5.8787304e-03   2.6790820e+02  -8.2948054e+01  -3.4658734e+02
   6.0154451e-03   2.6960640e+02  -6.6896782e+01  -3.4696746e+02
   6.1521598e-03   2.7212994e+02  -4.8337028e+01  -3.4210429e+02
   6.2888744e-03   2.7608470e+02  -2.7011318e+01  -3.3140660e+02
   6.4255891e-03   2.7963026e+02  -5.1826357e+00  -3.1901536e+02
   6.5623038e-03   2.8754074e+02   1.0429669e+01  -3.0130560e+02
   6.6990184e-03   2.8401630e+02   3.7479116e+01  -2.9136628e+02
   6.8357331e-03   2.9021508e+02   5.1608776e+01  -2.7462617e+02
   6.9724477e-03   2.8372525e+02   7.5586550e+01  -2.6664992e+02
   7.1091624e-03   2.8258735e+02   9.3757509e+01  -2.5521224e+02
   7.2458771e-03   2.8038820e+02   1.1127000e+02  -2.4454944e+02
   7.3825917e-03   2.8095966e+02   1.2089168e+02  -2.3760698e+02
   7.5193064e-03   2.6800757e+02   1.4074446e+02  -2.3477724e+02
   7.6560210e-03   2.6274577e+02   1.4742048e+02  -2.3435919e+02
   7.7927357e-03   2.4272760e+02   1.6644131e+02  -2.4047900e+02
   7.9294504e-03   2.2924742e+02   1.6923015e+02  -2.5161672e+02
   8.0661650e-03   2.0737483e+02   1.7869654e+02  -2.6611613e+02
   8.2028797e-03   1.8184455e+02   1.8658338e+02  -2.8343636e+02
   8.3395944e-03   1.4712360e+02   1.9703008e+02  -3.0321896e+02
   8.4763090e-03   1.2644203e+02   1.9518074e+02  -3.2448721e+02
   8.6130237e-03   9.1801016e+01   2.0514519e+02  -3.4485265e+02
   8.7497383e-03   7.2088875e+01   2.0354938e+02  -3.6509656e+02
   8.8864530e-03   4.1836733e+01   2.0898910e+02  -3.8130047e+02
   9.0231677e-03   2.6406780e+01   2.1450247e+02  -3.9589419e+02
   9.1598823e-03   2.3505790e+00   2.2526950e+02  -4.0391675e+02
   9.2965970e-03  -1.2163350e+01   2.2832220e+02  -4.0526843e+02
   9.4333116e-03  -2.5850203e+01   2.3855308e+02  -4.0254622e+02
   9.5700263e-03  -3.5989702e+01   2.4316637e+02  -3.9178488e+02
   9.7067410e-03  -4.4175091e+01   2.5465537e+02  -3.7491143e+02
   9.8434556e-03  -5.0690770e+01   2.6503050e+02  -3.5326331e+02
   9.9801703e-03  -5.4740639e+01   2.7768949e+02  -3.2621877e+02
   1.0116885e-02  -5.1372758e+01   2.8692427e+02  -2.9738242e+02
   1.0253600e-02  -6.0502019e+01   3.0149922e+02  -2.6818651e+02
   1.0390314e-02  -5.4853790e+01   3.1183600e+02  -2.4210420e+02
   1.0527029e-02  -6.3075593e+01   3.2519328e+02  -2.0920458e+02
   1.0663744e-02  -5.8858740e+01   3.3370834e+02  -1.8563811e+02
   1.0800458e-02  -6.7468570e+01   3.4298457e+02  -1.5461349e+02
   1.0937173e-02  -6.6711701e+01   3.4867507e+02  -1.3738538e+02
   1.1073888e-02  -8.0901747e+01   3.5236940e+02  -1.1202937e+02
   1.1210602e-02  -9.1970595e+01   3.5391661e+02  -9.4215924e+01
   1.1347317e-02  -1.0647153e+02   3.5363088e+02  -8.0302753e+01
   1.1484032e-02  -1.1736661e+02   3.5119579e+02  -7.9187306e+01
   1.1620746e-02  -1.3723418e+02   3.4712636e+02  -7.4716637e+01
   1.1757461e-02  -1.5726660e+02   3.4190633e+02  -7.5270498e+01
   1.1894176e-02  -1.8037260e+02   3.3524242e+02  -7.9862089e+01
   1.2030890e-02  -2.0362748e+02   3.2836605e+02  -8.6242731e+01
   1.2167605e-02  -2.2868270e+02   3.1973993e+02  -8.8639623e+01
   1.2304320e-02  -2.5252563e+02   3.1162679e+02  -9.6617666e+01
   1.2441034e-02  -2.7423194e+02   3.0359567e+02  -1.0999837e+02
   1.2577749e-02  -2.9402679e+02   2.9579425e+02  -1.1367499e+02
   1.2714464e-02  -3.1026806e+02   2.8819475e+02  -1.1356054e+02
   1.2851178e-02  -3.2265034e+02   2.8081916e+02  -1.0844084e+02
   1.2987893e-02  -3.3113005e+02   2.7348044e+02  -9.7949381e+01
   1.3124608e-02  -3.3813869e+02   2.6748146e+02  -7.3805408e+01
   1.3261322e-02  -3.4065559e+02   2.5535657e+02  -5.4616411e+01
   1.3398037e-02  -3.4021598e+02   2.5468615e+02  -3.0211127e+01
   1.3534751e-02  -3.3752915e+02   2.4365012e+02  -3.6135756e+00
   1.3671466e-02  -3.3184909e+02   2.3940897e+02   2.5712932e+01
   1.3808181e-02  -3.2253503e+02   2.4111334e+02   5.7760178e+01
   1.3944895e-02  -3.1414617e+02   2.3529515e+02   9.0564890e+01
   1.4081610e-02  -3.0334389e+02   2.3751617e+02   1.1709650e+02
   1.4218325e-02  -2.9350188e+02   2.3477470e+02   1.4875970e+02
   1.4355039e-02  -2.8429195e+02   2.2459183e+02   1.8555211e+02
   1.4491754e-02  -2.7677496e+02   2.2235812e+02   2.0611568e+02
   1.4628469e-02  -2.7178212e+02   2.1191491e+02   2.3773698e+02
   1.4765183e-02  -2.6818015e+02   1.9891513e+02   2.5031196e+02
   1.4901898e-02  -2.6907847e+02   1.7543436e+02   2.6990259e+02
   1.5038613e-02  -2.7107702e+02   1.6721829e+02   2.7719134e+02
   1.5175327e-02  -2.7708265e+02   1.4237472e+02   2.7950436e+02
   1.5312042e-02  -2.8484259e+02   1.3099746e+02   2.7185734e+02
   1.5448757e-02  -2.9477352e+02   1.0613742e+02   2.7208356e+02
   1.5585471e-02  -3.0632385e+02   9.2674170e+01   2.5817046e+02
   1.5722186e-02  -3.1800434e+02   6.7077167e+01   2.5329066e+02
   1.5858901e-02  -3.2937644e+02   4.6495100e+01   2.4139151e+02
   1.5995615e-02  -3.3999163e+02   3.2091674e+01   2.2572442e+02
   1.6132330e-02  -3.4747674e+02   1.1463053e+01   2.1522976e+02
   1.6269045e-02  -3.5220953e+02  -8.3040495e+00   2.0616363e+02
   1.6405759e-02  -3.5246912e+02  -2.7142342e+01   2.0059609e+02
   1.6542474e-02  -3.4983485e+02  -4.5063244e+01   1.9794114e+02
   1.6679189e-02  -3.4054011e+02  -5.9606334e+01   2.0236774e+02
   1.6815903e-02  -3.2183251e+02  -7.7810079e+01   2.1533214e+02
   1.6952618e-02  -3.1175303e+02  -8.1668245e+01   2.2592805e+02
   1.7089333e-02  -2.8797341e+02  -8.9161714e+01   2.4666233e+02
   1.7226047e-02  -2.6810426e+02  -1.0163737e+02   2.6709232e+02
   1.7362762e-02  -2.5168954e+02  -1.0025425e+02   2.8938589e+02
   1.7499477e-02  -2.3018737e+02  -1.0504763e+02   3.1067035e+02
   1.7636191e-02  -2.0268308e+02  -1.1570363e+02   3.3432077e+02
   1.7772906e-02  -1.8549539e+02  -1.1556437e+02   3.5452045e+02
   1.7909621e-02  -1.6135666e+02  -1.2262928e+02   3.7414863e+02
   1.8046335e-02  -1.2905787e+02  -1.3801812e+02   3.9105036e+02
   1.8183050e-02  -1.1366804e+02  -1.4082243e+02   4.0358834e+02
   1.8319765e-02  -9.1187189e+01  -1.5046509e+02   4.1240215e+02
   1.8456479e-02  -7.3118119e+01  -1.6003557e+02   4.1544247e+02
   1.8593194e-02  -5.1885809e+01  -1.7912723e+02   4.1373399e+02
   1.8729909e-02  -4.8316384e+01  -1.8720243e+02   4.0699185e+02
   1.8866623e-02  -3.5223752e+01  -2.0317428e+02   3.9544813e+02
   1.9003338e-02  -3.8007128e+01  -2.1937382e+02   3.7983217e+02
   1.9140053e-02  -3.6648433e+01  -2.3549793e+02   3.6023825e+02
   1.9276767e-02  -3.1535234e+01  -2.5594062e+02   3.3656791e+02
   1.9413482e-02  -3.1896782e+01  -2.6820696e+02   3.1091583e+02
   1.9550197e-02  -3.1548590e+01  -2.8541631e+02   2.8384559e+02
   1.9686911e-02  -3.6274580e+01  -2.9505669e+02   2.5664386e+02
   1.9823626e-02  -2.5535100e+01  -3.0954562e+02   2.3076734e+02
   1.9960341e-02  -2.7209625e+01  -3.1852287e+02   2.1107817e+02
   2.0097055e-02  -1.0572355e+01  -3.3000753e+02   1.8723611e+02
   2.0233770e-02  -6.1903919e+00  -3.3428096e+02   1.7699085e+02
   2.0370485e-02   1.4297930e+01  -3.4161737e+02   1.6291970e+02
   2.0507199e-02   3.0507950e+01  -3.4395945e+02   1.5869638e+02
   2.0643914e-02   4.9846710e+01  -3.4275041e+02   1.6038485e+02
   2.0780629e-02   6.3942810e+01  -3.3928487e+02   1.6342227e+02
   2.0917343e-02   9.2242994e+01  -3.3543037e+02   1.7009505e+02
   2.1054058e-02   1.1526472e+02  -3.2970557e+02   1.7651976e+02
   2.1190773e-02   1.3981291e+02  -3.2275395e+02   1.8319420e+02
   2.1327487e-02   1.5897651e+02  -3.1488023e+02   1.9713308e+02
   2.1464202e-02   1.8353862e+02  -3.0810190e+02   2.0080472e+02
   2.1600917e-02   2.0661453e+02  -3.0185279e+02   1.9553125e+02
   2.1737631e-02   2.3347349e+02  -2.9613412e+02   1.9569143e+02
   2.1874346e-02   2.4641520e+02  -2.9222655e+02   1.9874696e+02
   2.2011061e-02   2.6290246e+02  -2.9035389e+02   1.9139210e+02
   2.2147775e-02   2.7576665e+02  -2.8954865e+02   1.7998307e+02
   2.2284490e-02   2.8520184e+02  -2.9069649e+02   1.6370243e+02
   2.2421204e-02   2.9156545e+02  -2.9238411e+02   1.4420740e+02
   2.2557919e-02   2.9341884e+02  -2.9590803e+02   1.1219139e+02
   2.2694634e-02   2.9215091e+02  -2.9893631e+02   8.8618302e+01
   2.2831348e-02   2.8829315e+02  -3.0187044e+02   5.5347689e+01
   2.2968063e-02   2.8515220e+02  -3.0066159e+02   1.2457672e+01
   2.3104778e-02   2.7485934e+02  -3.0575300e+02  -1.7052897e+01
   2.3241492e-02   2.6848429e+02  -3.0474982e+02  -5.1537199e+01
   2.3378207e-02   2.6645569e+02  -2.9625658e+02  -9.0341080e+01
   2.3514922e-02   2.5950025e+02  -2.9698058e+02  -1.1923759e+02
   2.3651636e-02   2.5937039e+02  -2.8572280e+02  -1.4368809e+02
   2.3788351e-02   2.5889821e+02  -2.7883545e+02  -1.6350080e+02
   2.3925066e-02   2.6078187e+02  -2.7005517e+02  -1.7762937e+02
   2.4061780e-02   2.6304498e+02  -2.6432531e+02  -1.8199980e+02
   2.4198495e-02   2.7013945e+02  -2.5094396e+02  -1.8575511e+02
   2.4335210e-02   2.7915520e+02  -2.3627652e+02  -1.9281666e+02
   2.4471924e-02   2.8801129e+02  -2.1823524e+02  -1.9136486e+02
   2.4608639e-02   2.9950496e+02  -1.9798510e+02  -1.8712933e+02
   2.4745354e-02   3.1230606e+02  -1.6662092e+02  -1.8051471e+02
   2.4882068e-02   3.2440827e+02  -1.5128926e+02  -1.6691049e+02
   2.5018783e-02   3.3695010e+02  -1.2165961e+02  -1.6397216e+02
   2.5155498e-02   3.4912643e+02  -1.0684377e+02  -1.5552565e+02
   2.5292212e-02   3.5859264e+02  -8.0870348e+01  -1.5095111e+02
   2.5428927e-02   3.6662688e+02  -6.9596289e+01  -1.4874604e+02
   2.5565642e-02   3.7205726e+02  -5.3763975e+01  -1.4550630e+02
   2.5702356e-02   3.7458216e+02  -4.0397144e+01  -1.5651460e+02
   2.5839071e-02   3.7393249e+02  -2.8366633e+01  -1.6139069e+02
   2.5975786e-02   3.6914744e+02  -1.7784708e+01  -1.7561077e+02
   2.6112500e-02   3.5808531e+02  -1.2165422e+00  -1.9692007e+02
   2.6249215e-02   3.4461580e+02   1.2794547e+00  -2.1645798e+02
   2.6385930e-02   3.2798160e+02   1.7701763e+01  -2.3917494e+02
   2.6522644e-02   3.0777749e+02   1.8620978e+01  -2.6471108e+02
   2.6659359e-02   2.8477314e+02   3.1784070e+01  -2.9318740e+02
   2.6796074e-02   2.6710272e+02   3.0641795e+01  -3.2245926e+02
   2.6932788e-02   2.3824424e+02   4.1136431e+01  -3.5013438e+02
   2.7069503e-02   2.1703985e+02   4.0237484e+01  -3.7375996e+02
   2.7206218e-02   2.0260583e+02   4.6617324e+01  -3.9198300e+02
   2.7342932e-02   1.8650730e+02   5.5201405e+01  -4.0558165e+02
   2.7479647e-02   1.7189687e+02   6.4495537e+01  -4.1201697e+02
   2.7616362e-02   1.6128838e+02   7.7184312e+01  -4.1340007e+02
   2.7753076e-02   1.4653639e+02   9.8537461e+01  -4.1065102e+02
   2.7889791e-02   1.4508916e+02   1.0930909e+02  -4.0167100e+02
   2.8026506e-02   1.3920490e+02   1.2812012e+02  -3.8975285e+02
   2.8163220e-02   1.2626057e+02   1.4921228e+02  -3.7305609e+02
   2.8299935e-02   1.2255972e+02   1.7554390e+02  -3.5311172e+02
   2.8436650e-02   1.1807454e+02   1.8804695e+02  -3.3342824e+02
   2.8573364e-02   1.1554321e+02   2.1351986e+02  -3.1186407e+02
   2.8710079e-02   1.1353997e+02   2.3273208e+02  -2.9093942e+02
   2.8846794e-02   1.1164047e+02   2.5124885e+02  -2.7130111e+02
   2.8983508e-02   1.1448734e+02   2.6197872e+02  -2.5471134e+02
   2.9120223e-02   1.0386966e+02   2.8120526e+02  -2.4142698e+02
   2.9256938e-02   1.0247214e+02   2.8891238e+02  -2.3234867e+02
   2.9393652e-02   8.5029299e+01   3.0191774e+02  -2.2434570e+02
   2.9530367e-02   7.7704161e+01   3.0503353e+02  -2.1987682e+02
   2.9667082e-02   5.2746110e+01   3.1039539e+02  -2.2051276e+02
   2.9803796e-02   3.7983437e+01   3.0863153e+02  -2.2865291e+02
   2.9940511e-02   1.4881282e+01   3.0901550e+02  -2.3045814e+02
   3.0077226e-02  -1.7392899e+01   3.1076636e+02  -2.3934425e+02
   3.0213940e-02  -3.6016223e+01   3.0596071e+02  -2.4976543e+02
   3.0350655e-02  -6.2293073e+01   3.0282715e+02  -2.6180759e+02
   3.0487370e-02  -8.7961744e+01   2.9947803e+02  -2.7380506e+02
   3.0624084e-02  -1.1258647e+02   2.9572636e+02  -2.8387087e+02
   3.0760799e-02  -1.3443993e+02   2.9294013e+02  -2.9582022e+02
   3.0897513e-02  -1.5444437e+02   2.9011442e+02  -2.9249640e+02
   3.1034228e-02  -1.7778872e+02   2.8897951e+02  -2.8904464e+02
   3.1170943e-02  -1.9283408e+02   2.8824885e+02  -2.7850890e+02
   3.1307657e-02  -1.9957198e+02   2.8885822e+02  -2.6921246e+02
   3.1444372e-02  -2.0853303e+02   2.9188596e+02  -2.4753874e+02
   3.1581087e-02  -2.1466208e+02   2.9611275e+02  -2.2114117e+02
   3.1717801e-02  -2.1744900e+02   3.0169036e+02  -1.9109281e+02
   3.1854516e-02  -2.1883442e+02   3.0856670e+02  -1.5930021e+02
   3.1991231e-02  -2.2660121e+02   3.1528156e+02  -1.1930323e+02
   3.2127945e-02  -2.2028466e+02   3.2313705e+02  -9.1010329e+01
   3.2264660e-02  -2.1961759e+02   3.3084914e+02  -5.6916204e+01
   3.2401375e-02  -2.1881824e+02   3.3701292e+02  -2.5269169e+01
   3.2538089e-02  -2.2268484e+02   3.4073674e+02   1.0765235e+01
   3.2674804e-02  -2.1799520e+02   3.4471635e+02   3.2027641e+01
   3.2811519e-02  -2.1961749e+02   3.4500081e+02   5.6284994e+01
   3.2948233e-02  -2.2592888e+02   3.3857687e+02   8.3342668e+01
   3.3084948e-02  -2.2795239e+02   3.3583155e+02   9.2390067e+01
   3.3221663e-02  -2.3986461e+02   3.2051925e+02   1.0830162e+02
   3.3358377e-02  -2.5065494e+02   3.0737955e+02   1.1362565e+02
   3.3495092e-02  -2.6429484e+02   2.9183912e+02   1.1277954e+02
   3.3631807e-02  -2.7729362e+02   2.7966440e+02   1.0162583e+02
   3.3768521e-02  -2.9520231e+02   2.5777169e+02   9.9779461e+01
   3.3905236e-02  -3.0932890e+02   2.4498918e+02   8.9886734e+01
   3.4041951e-02  -3.2509399e+02   2.2733781e+02   8.1530198e+01
   3.4178665e-02  -3.3960772e+02   2.0512673e+02   7.2590030e+01
   3.4315380e-02  -3.5061942e+02   1.9305145e+02   6.1019535e+01
   3.4452095e-02  -3.6033865e+02   1.7524901e+02   5.8820622e+01
   3.4588809e-02  -3.6851040e+02   1.4934465e+02   6.7207124e+01
   3.4725524e-02  -3.7268694e+02   1.3912988e+02   6.7524512e+01
   3.4862239e-02  -3.7435207e+02   1.2301640e+02   8.6644452e+01
   3.4998953e-02  -3.7295214e+02   1.0897949e+02   1.0075215e+02
   3.5135668e-02  -3.6858526e+02   9.7080125e+01   1.1981285e+02
   3.5272383e-02  -3.6126341e+02   8.1299464e+01   1.4400199e+02
   3.5409097e-02  -3.5211891e+02   7.4205889e+01   1.7105356e+02
   3.5545812e-02  -3.4081876e+02   7.4620210e+01   1.9568749e+02
   3.5682527e-02  -3.2858741e+02   7.0807526e+01   2.2723696e+02
   3.5819241e-02  -3.1585332e+02   6.6377368e+01   2.6297288e+02
   3.5955956e-02  -3.0099089e+02   6.2118485e+01   2.9231781e+02
   3.6092671e-02  -2.8821651e+02   5.5656627e+01   3.1534391e+02
   3.6229385e-02  -2.7448949e+02   4.7093166e+01   3.3856433e+02
   3.6366100e-02  -2.5802240e+02   2.9260965e+01   3.6022132e+02
   3.6502815e-02  -2.4520960e+02   2.4241796e+01   3.7387640e+02
   3.6639529e-02  -2.3290408e+02   4.2790566e+00   3.8346397e+02
   3.6776244e-02  -2.2292880e+02  -9.3359028e+00   3.8818018e+02
   3.6912959e-02  -2.2072753e+02  -1.7793044e+01   3.8578953e+02
   3.7049673e-02  -2.1131981e+02  -4.0004607e+01   3.8372863e+02
   3.7186388e-02  -2.1436629e+02  -5.1577211e+01   3.7162058e+02
   3.7323103e-02  -2.0984783e+02  -7.6254934e+01   3.5896085e+02
   3.7459817e-02  -2.1682798e+02  -9.0477199e+01   3.3918259e+02
   3.7596532e-02  -2.1841248e+02  -1.0970288e+02   3.2060683e+02
   3.7733247e-02  -2.1366575e+02  -1.3740771e+02   3.0013528e+02
   3.7869961e-02  -2.1166783e+02  -1.5851638e+02   2.8125147e+02
   3.8006676e-02  -2.0701634e+02  -1.7873289e+02   2.6480080e+02
   3.8143391e-02  -1.9963753e+02  -1.9099344e+02   2.5124942e+02
   3.8280105e-02  -1.8969050e+02  -2.1418208e+02   2.4148566e+02
   3.8416820e-02  -1.7698196e+02  -2.2759466e+02   2.3665540e+02
   3.8553535e-02  -1.6916241e+02  -2.3369378e+02   2.3703372e+02
   3.8690249e-02  -1.4523615e+02  -2.4969161e+02   2.4127717e+02
   3.8826964e-02  -1.3344212e+02  -2.5274026e+02   2.4984181e+02
   3.8963679e-02  -1.1236786e+02  -2.5853947e+02   2.6353367e+02
   3.9100393e-02  -9.0766003e+01  -2.6273189e+02   2.7926614e+02
   3.9237108e-02  -6.7734208e+01  -2.6456913e+02   2.9620610e+02
   3.9373823e-02  -4.3426123e+01  -2.6567159e+02   3.1424004e+02
   3.9510537e-02  -1.8039168e+01  -2.6487930e+02   3.3110493e+02
   3.9647252e-02   7.3690668e+00  -2.6323309e+02   3.4135426e+02
   3.9783966e-02   3.2384059e+01  -2.6211963e+02   3.5082757e+02
   3.9920681e-02   5.4951608e+01  -2.6324866e+02   3.5620471e+02
   4.0057396e-02   7.5927168e+01  -2.6521462e+02   3.6154098e+02
   4.0194110e-02   9.4220106e+01  -2.6738606e+02   3.5902595e+02
   4.0330825e-02   1.0852258e+02  -2.7148014e+02   3.4561880e+02
   4.0467540e-02   1.2635436e+02  -2.7972438e+02   3.3344407e+02
   4.0604254e-02   1.3428038e+02  -2.8594384e+02   3.1622686e+02
   4.0740969e-02   1.3879791e+02  -2.9192247e+02   2.9308575e+02
   4.0877684e-02   1.3592597e+02  -2.9996626e+02   2.6679818e+02
   4.1014398e-02   1.4316475e+02  -3.0852299e+02   2.3643723e+02
   4.1151113e-02   1.4306961e+02  -3.1757175e+02   2.0110556e+02
   4.1287828e-02   1.3692742e+02  -3.2595888e+02   1.7196178e+02
   4.1424542e-02   1.4496316e+02  -3.3374071e+02   1.2845540e+02
   4.1561257e-02   1.4038343e+02  -3.4062064e+02   1.0163547e+02
   4.1697972e-02   1.4260078e+02  -3.4707104e+02   7.0083242e+01
   4.1834686e-02   1.5311273e+02  -3.5142475e+02   3.6758559e+01
   4.1971401e-02   1.5437422e+02  -3.5465388e+02   2.1626530e+01
   4.2108116e-02   1.7056642e+02  -3.5537872e+02  -1.2463577e+00
   4.2244830e-02   1.8359816e+02  -3.5427108e+02  -1.2407729e+01
   4.2381545e-02   1.9315917e+02  -3.5137215e+02  -1.1847835e+01
   4.2518260e-02   2.0988776e+02  -3.4621226e+02  -1.9481599e+01
   4.2654974e-02   2.2779551e+02  -3.3841341e+02  -1.0918316e+01
   4.2791689e-02   2.4687100e+02  -3.2804261e+02  -5.6832940e+00
   4.2928404e-02   2.6541714e+02  -3.1559455e+02   9.0019355e-02
   4.3065118e-02   2.8618790e+02  -2.9879711e+02  -1.6839042e+00
   4.3201833e-02   3.0141059e+02  -2.8687060e+02   1.1378350e+01
   4.3338548e-02   3.1943561e+02  -2.6974212e+02   1.0529427e+01
   4.3475262e-02   3.3706445e+02  -2.5354438e+02   1.4710491e+01
   4.3611977e-02   3.4739744e+02  -2.3776658e+02   1.6026154e+01
   4.3748692e-02   3.5707633e+02  -2.2365821e+02   1.3365883e+01
   4.3885406e-02   3.6396978e+02  -2.1152830e+02   6.3418228e+00
   4.4022121e-02   3.6793221e+02  -2.0281028e+02  -5.7815098e+00
   4.4158836e-02   3.6690566e+02  -1.8919264e+02  -2.2974866e+01
   4.4295550e-02   3.6143540e+02  -1.8789787e+02  -3.9685146e+01
   4.4432265e-02   3.5527036e+02  -1.7430583e+02  -7.2440178e+01
   4.4568980e-02   3.4484670e+02  -1.7412830e+02  -9.7379939e+01
   4.4705694e-02   3.3427666e+02  -1.6637912e+02  -1.3782477e+02
   4.4842409e-02   3.2164488e+02  -1.5065474e+02  -1.7314284e+02
   4.4979124e-02   3.0959254e+02  -1.5069667e+02  -2.0045674e+02
   4.5115838e-02   2.9795493e+02  -1.4337035e+02  -2.3153462e+02
   4.5252553e-02   2.8750731e+02  -1.3644778e+02  -2.6160520e+02
   4.5389268e-02   2.7968446e+02  -1.2236552e+02  -2.9261273e+02
   4.5525982e-02   2.7313054e+02  -1.2048098e+02  -3.1483915e+02
   4.5662697e-02   2.6916578e+02  -1.0445714e+02  -3.3160709e+02
   4.5799412e-02   2.6822744e+02  -9.8831955e+01  -3.4161206e+02
   4.5936126e-02   2.6876039e+02  -7.7950879e+01  -3.4602080e+02
   4.6072841e-02   2.7087745e+02  -6.0816562e+01  -3.4432386e+02
   4.6209556e-02   2.7600054e+02  -4.9194672e+01  -3.3505563e+02
   4.6346270e-02   2.8089508e+02  -2.8092249e+01  -3.2382389e+02
   4.6482985e-02   2.8160005e+02   1.7863615e+00  -3.1338190e+02
   4.6619700e-02   2.8896102e+02   1.6856137e+01  -2.9918259e+02
   4.6756414e-02   2.8618465e+02   4.4159463e+01  -2.8579875e+02
   4.6893129e-02   2.8637157e+02   6.3123051e+01  -2.7416357e+02
   4.7029844e-02   2.9190548e+02   7.6626836e+01  -2.5845348e+02
   4.7166558e-02   2.8472461e+02   1.0040697e+02  -2.4982888e+02
   4.7303273e-02   2.8568158e+02   1.1009823e+02  -2.4024414e+02
   4.7439988e-02   2.7376113e+02   1.2535813e+02  -2.3609100e+02
   4.7576702e-02   2.6495893e+02   1.4493882e+02  -2.3350396e+02
   4.7713417e-02   2.5187014e+02   1.5719341e+02  -2.3738070e+02
   4.7850132e-02   2.4141359e+02   1.6131901e+02  -2.4428457e+02
   4.7986846e-02   2.1429980e+02   1.7187046e+02  -2.5734503e+02
   4.8123561e-02   1.9813771e+02   1.8042191e+02  -2.7273064e+02
   4.8260276e-02   1.6450790e+02   1.9376138e+02  -2.9152639e+02
   4.8396990e-02   1.4490095e+02   1.9188096e+02  -3.1160323e+02
   4.8533705e-02   1.1703632e+02   1.9582687e+02  -3.3292432e+02
   4.8670419e-02   8.9786117e+01   1.9931698e+02  -3.5309149e+02
   4.8807134e-02   5.8336777e+01   2.1009866e+02  -3.7156104e+02
   4.8943849e-02   4.1382785e+01   2.0952001e+02  -3.8775470e+02
   4.9080563e-02   2.1399390e+01   2.1586262e+02  -4.0002027e+02
   4.9217278e-02  -2.1648221e+00   2.2743808e+02  -4.0507232e+02
   4.9353993e-02  -1.1080488e+01   2.2989750e+02  -4.0608894e+02
   4.9490707e-02  -2.9632593e+01   2.3845796e+02  -3.9967713e+02
   4.9627422e-02  -3.8812214e+01   2.4614025e+02  -3.8699332e+02
   4.9764137e-02  -3.9058766e+01   2.5575248e+02  -3.6775877e+02
   4.9900851e-02  -5.1103650e+01   2.6976497e+02  -3.4439149e+02
   5.0037566e-02  -5.4793825e+01   2.8214352e+02  -3.1709087e+02
   5.0174281e-02  -5.7180562e+01   2.9399087e+02  -2.8721065e+02
   5.0310995e-02  -5.1715651e+01   3.0416743e+02  -2.6086616e+02
   5.0447710e-02  -5.2883055e+01   3.1676018e+02  -2.2690004e+02
   5.0584425e-02  -5.4656672e+01   3.2780083e+02  -2.0137277e+02
   5.0721139e-02  -6.3909402e+01   3.3822913e+02  -1.7036890e+02
   5.0857854e-02  -6.2047115e+01   3.4451577e+02  -1.5084913e+02
   5.0994569e-02  -7.4312878e+01   3.5088919e+02  -1.2370186e+02
   5.1131283e-02  -7.6987811e+01   3.5372660e+02  -1.1121425e+02
   5.1267998e-02  -8.9902112e+01   3.5401650e+02  -9.7329218e+01
   5.1404713e-02  -1.0513617e+02   3.5297027e+02  -8.6344643e+01
   5.1541427e-02  -1.2339669e+02   3.5006959e+02  -7.9352333e+01
   5.1678142e-02  -1.4279443e+02   3.4562476e+02  -7.6937531e+01
   5.1814857e-02  -1.6948111e+02   3.4003187e+02  -7.1639071e+01
   5.1951571e-02  -1.9362600e+02   3.3204856e+02  -7.7776038e+01
   5.2088286e-02  -2.1837733e+02   3.2487841e+02  -8.5357387e+01
   5.2225001e-02  -2.4292985e+02   3.1638334e+02  -9.3833331e+01
   5.2361715e-02  -2.5999926e+02   3.0906970e+02  -1.0703282e+02
   5.2498430e-02  -2.8173963e+02   3.0078705e+02  -1.1345349e+02
   5.2635145e-02  -3.0437980e+02   2.9178521e+02  -1.0951755e+02
   5.2771859e-02  -3.1509256e+02   2.8579231e+02  -1.1378830e+02
   5.2908574e-02  -3.2571365e+02   2.7913328e+02  -1.0610403e+02
   5.3045289e-02  -3.3260131e+02   2.7292402e+02  -8.6084694e+01
   5.3182003e-02  -3.4008619e+02   2.6122287e+02  -6.8880601e+01
   5.3318718e-02  -3.3825807e+02   2.5910455e+02  -5.4172539e+01
   5.3455433e-02  -3.3860493e+02   2.4895268e+02  -2.0791310e+01
   5.3592147e-02  -3.3286087e+02   2.4821772e+02   5.5575346e+00
   5.3728862e-02  -3.2765189e+02   2.3985071e+02   3.7170395e+01
   5.3865577e-02  -3.1944236e+02   2.4202356e+02   6.8974981e+01
   5.4002291e-02  -3.0927146e+02   2.3551843e+02   1.0263615e+02
   5.4139006e-02  -2.9929779e+02   2.3211038e+02   1.3490061e+02
   5.4275721e-02  -2.8970909e+02   2.2783846e+02   1.6620733e+02
   5.4412435e-02  -2.8063783e+02   2.2780933e+02   1.9623463e+02
   5.4549150e-02  -2.7469017e+02   2.1240527e+02   2.2151739e+02
   5.4685865e-02  -2.6947023e+02   2.0834747e+02   2.3769433e+02
   5.4822579e-02  -2.6781107e+02   1.9471611e+02   2.5529397e+02
   5.4959294e-02  -2.6933692e+02   1.7156321e+02   2.7205008e+02
   5.5096009e-02  -2.7375279e+02   1.5466750e+02   2.7608611e+02
   5.5232723e-02  -2.8011490e+02   1.4367230e+02   2.7728247e+02
   5.5369438e-02  -2.8903965e+02   1.1853819e+02   2.7393140e+02
   5.5506153e-02  -2.9918362e+02   9.9711188e+01   2.6796177e+02
   5.5642867e-02  -3.1105491e+02   8.6216232e+01   2.5817916e+02
   5.5779582e-02  -3.2326170e+02   6.6378908e+01   2.4289563e+02
   5.5916297e-02  -3.3364761e+02   4.0263602e+01   2.3598084e+02
   5.6053011e-02  -3.4360247e+02   2.6485520e+01   2.2358395e+02
   5.6189726e-02  -3.5053208e+02   5.3022137e+00   2.1021153e+02
   5.6326441e-02  -3.5314285e+02  -1.3781630e+01   2.0487318e+02
   5.6463155e-02  -3.4951982e+02  -3.3049225e+01   2.0027659e+02
   5.6599870e-02  -3.4740557e+02  -4.9619481e+01   1.9878613e+02
   5.6736585e-02  -3.3797255e+02  -6.3148290e+01   2.0860900e+02
   5.6873299e-02  -3.2390819e+02  -7.3880958e+01   2.2009847e+02
   5.7010014e-02  -3.0732980e+02  -8.3018349e+01   2.3675991e+02
   5.7146729e-02  -2.8782234e+02  -9.0147730e+01   2.5475846e+02
   5.7283443e-02  -2.6620498e+02  -9.5795273e+01   2.7576635e+02
   5.7420158e-02  -2.4426180e+02  -1.0104418e+02   2.9797242e+02
   5.7556872e-02  -2.1579934e+02  -1.1178765e+02   3.2065187e+02
   5.7693587e-02  -1.9822717e+02  -1.1075257e+02   3.4178542e+02
   5.7830302e-02  -1.7453634e+02  -1.1667989e+02   3.6288479e+02
   5.7967016e-02  -1.5087822e+02  -1.2375386e+02   3.8161159e+02
   5.8103731e-02  -1.2039509e+02  -1.3258508e+02   3.9708842e+02
   5.8240446e-02  -1.0615622e+02  -1.4274390e+02   4.0763505e+02
   5.8377160e-02  -8.6545911e+01  -1.5225531e+02   4.1362190e+02
   5.8513875e-02  -7.0683091e+01  -1.6442251e+02   4.1518438e+02
   5.8650590e-02  -5.0680304e+01  -1.8318110e+02   4.1163215e+02
   5.8787304e-02  -4.1313936e+01  -1.9808274e+02   4.0328458e+02
   5.8924019e-02  -4.2433012e+01  -2.0883537e+02   3.8950669e+02
   5.9060734e-02  -3.2992923e+01  -2.2982919e+02   3.7222345e+02
   5.9197448e-02  -3.8461267e+01  -2.4144498e+02   3.5197438e+02
   5.9334163e-02  -3.3069156e+01  -2.5769952e+02   3.2615427e+02
   5.9470878e-02  -3.2863369e+01  -2.7707273e+02   3.0006290e+02
   5.9607592e-02  -3.8004684e+01  -2.8692565e+02   2.7756382e+02
   5.9744307e-02  -2.9876723e+01  -3.0270896e+02   2.4649257e+02
   5.9881022e-02  -3.1670159e+01  -3.1061325e+02   2.2693312e+02
   6.0017736e-02  -1.7718518e+01  -3.2410868e+02   2.0011515e+02
   6.0154451e-02  -8.1315563e+00  -3.3196107e+02   1.8233961e+02
   6.0291166e-02   3.0820423e+00  -3.3840682e+02   1.6866675e+02
   6.0427880e-02   1.1867748e+01  -3.3960203e+02   1.6609528e+02
   6.0564595e-02   3.5858142e+01  -3.4340132e+02   1.6010609e+02
   6.0701310e-02   4.8824912e+01  -3.4091304e+02   1.6178775e+02
   6.0838024e-02   7.1267651e+01  -3.3737519e+02   1.7257963e+02
   6.0974739e-02   9.4506925e+01  -3.3200092e+02   1.7478574e+02
   6.1111454e-02   1.1830973e+02  -3.2650609e+02   1.8789637e+02
   6.1248168e-02   1.4921382e+02  -3.1996162e+02   1.8722369e+02
   6.1384883e-02   1.7456357e+02  -3.1243261e+02   1.9295373e+02
   6.1521598e-02   1.9233369e+02  -3.0556473e+02   2.0380538e+02
   6.1658312e-02   2.1983407e+02  -2.9975302e+02   1.9782728e+02
   6.1795027e-02   2.3881340e+02  -2.9521855e+02   1.9593414e+02
   6.1931742e-02   2.5078763e+02  -2.9125696e+02   1.9140215e+02
   6.2068456e-02   2.6522342e+02  -2.9012960e+02   1.8238086e+02
   6.2205171e-02   2.8344148e+02  -2.8960687e+02   1.6899175e+02
   6.2341886e-02   2.8641756e+02  -2.9101989e+02   1.5737008e+02
   6.2478600e-02   2.9606065e+02  -2.9315765e+02   1.2890144e+02
   6.2615315e-02   2.9207313e+02  -2.9752226e+02   1.0734343e+02
   6.2752030e-02   2.9017938e+02  -3.0101622e+02   7.6640924e+01
   6.2888744e-02   2.8582545e+02  -3.0377101e+02   4.2771876e+01
   6.3025459e-02   2.8197934e+02  -3.0245306e+02  -7.3059065e-01
   6.3162174e-02   2.7261543e+02  -3.0615535e+02  -3.6584472e+01
   6.3298888e-02   2.6599170e+02  -3.0480491e+02  -6.9722237e+01
   6.3435603e-02   2.6385945e+02  -2.9604225e+02  -1.0159904e+02
   6.3572318e-02   2.6032845e+02  -2.9024873e+02  -1.2805699e+02
   6.3709032e-02   2.5904666e+02  -2.8346703e+02  -1.4999999e+02
   6.3845747e-02   2.5840336e+02  -2.7670467e+02  -1.6892177e+02
   6.3982462e-02   2.6176405e+02  -2.6703468e+02  -1.8083472e+02
   6.4119176e-02   2.6610728e+02  -2.5590302e+02  -1.8910535e+02
   6.4255891e-02   2.7313136e+02  -2.4632205e+02  -1.8517003e+02
   6.4392606e-02   2.8169337e+02  -2.3078092e+02  -1.9185741e+02
   6.4529320e-02   2.9221969e+02  -2.1186552e+02  -1.8804386e+02
   6.4666035e-02   3.0465462e+02  -1.8967042e+02  -1.7550764e+02
   6.4802750e-02   3.1665952e+02  -1.6739529e+02  -1.7655819e+02
   6.4939464e-02   3.3023958e+02  -1.3606432e+02  -1.6732643e+02
   6.5076179e-02   3.4177187e+02  -1.2198808e+02  -1.5863313e+02
   6.5212894e-02   3.5278598e+02  -1.0055786e+02  -1.5210034e+02
   6.5349608e-02   3.6231072e+02  -8.1305623e+01  -1.4240774e+02
   6.5486323e-02   3.6934911e+02  -5.8200449e+01  -1.4750898e+02
   6.5623038e-02   3.7339494e+02  -4.9547932e+01  -1.5157690e+02
   6.5759752e-02   3.7445407e+02  -3.0472019e+01  -1.5855618e+02
   6.5896467e-02   3.7208112e+02  -2.5680202e+01  -1.7065642e+02
   6.6033182e-02   3.6428524e+02  -9.1189895e+00  -1.8565921e+02
   6.6169896e-02   3.5570413e+02  -5.6613866e+00  -2.0034400e+02
   6.6306611e-02   3.3915792e+02   1.0691331e+01  -2.2467121e+02
   6.6443325e-02   3.2504654e+02   1.2181926e+01  -2.4580813e+02
   6.6580040e-02   3.0494430e+02   1.9574404e+01  -2.7273289e+02
   6.6716755e-02   2.8293823e+02   2.5472853e+01  -3.0052517e+02
   6.6853469e-02   2.5935555e+02   3.0675248e+01  -3.2922813e+02
   6.6990184e-02   2.3060313e+02   4.1830145e+01  -3.5927513e+02
   6.7126899e-02   2.0890508e+02   4.7731537e+01  -3.8129992e+02
   6.7263613e-02   1.9553456e+02   4.8716104e+01  -3.9621533e+02
   6.7400328e-02   1.7492434e+02   6.3724593e+01  -4.0769593e+02
   6.7537043e-02   1.6749970e+02   6.8519573e+01  -4.1208616e+02
   6.7673757e-02   1.5251424e+02   8.1002775e+01  -4.1344177e+02
   6.7810472e-02   1.5117268e+02   9.6879620e+01  -4.0706232e+02
   6.7947187e-02   1.3862012e+02   1.2139874e+02  -3.9779843e+02
   6.8083901e-02   1.4002232e+02   1.3456871e+02  -3.8282125e+02
   6.8220616e-02   1.3610253e+02   1.5586737e+02  -3.6465134e+02
   6.8357331e-02   1.2420322e+02   1.8102587e+02  -3.4562036e+02
   6.8494045e-02   1.2112601e+02   2.0109180e+02  -3.2378784e+02
   6.8630760e-02   1.1751373e+02   2.2002998e+02  -3.0325546e+02
   6.8767475e-02   1.1463195e+02   2.3936543e+02  -2.8287145e+02
   6.8904189e-02   1.1805946e+02   2.5173740e+02  -2.6495483e+02
   6.9040904e-02   1.0732874e+02   2.7253804e+02  -2.4864258e+02
   6.9177619e-02   1.0712457e+02   2.8109413e+02  -2.3740425e+02
   6.9314333e-02   9.2827302e+01   2.9185008e+02  -2.2789002e+02
   6.9451048e-02   8.6966556e+01   2.9993591e+02  -2.2515856e+02
   6.9587763e-02   6.5358928e+01   3.0802878e+02  -2.2142026e+02
   6.9724477e-02   5.3178063e+01   3.0706632e+02  -2.2740806e+02
   6.9861192e-02   2.5459064e+01   3.1151983e+02  -2.2746957e+02
   6.9997907e-02   7.9117015e+00   3.0823629e+02  -2.3953232e+02
   7.0134621e-02  -1.8196862e+01   3.0659403e+02  -2.4922737e+02
   7.0271336e-02  -5.1131457e+01   3.0576867e+02  -2.5510759e+02
   7.0408051e-02  -7.0799456e+01   3.0020432e+02  -2.6687667e+02
   7.0544765e-02  -1.0348600e+02   2.9912114e+02  -2.7859809e+02
   7.0681480e-02  -1.2789831e+02   2.9536352e+02  -2.8816962e+02
   7.0818195e-02  -1.4295155e+02   2.9137811e+02  -2.9836242e+02
   7.0954909e-02  -1.6194257e+02   2.8893925e+02  -2.9990951e+02
   7.1091624e-02  -1.7766539e+02   2.8839942e+02  -2.9499015e+02
   7.1228339e-02  -1.9624529e+02   2.8904260e+02  -2.7602454e+02
   7.1365053e-02  -2.0065206e+02   2.9029729e+02  -2.5779927e+02
   7.1501768e-02  -2.1552286e+02   2.9332131e+02  -2.3303958e+02
   7.1638483e-02  -2.1975425e+02   2.9868588e+02  -2.0401613e+02
   7.1775197e-02  -2.2192726e+02   3.0467568e+02  -1.7251071e+02
   7.1911912e-02  -2.1804871e+02   3.1084272e+02  -1.4710261e+02
   7.2048627e-02  -2.2448115e+02   3.1912312e+02  -1.0600980e+02
   7.2185341e-02  -2.2334320e+02   3.2665624e+02  -7.1005532e+01
   7.2322056e-02  -2.1715968e+02   3.3362045e+02  -3.8873383e+01
   7.2458771e-02  -2.1722641e+02   3.3898471e+02  -7.4648514e+00
   7.2595485e-02  -2.2135585e+02   3.4224084e+02   2.0946395e+01
   7.2732200e-02  -2.1811513e+02   3.4476782e+02   4.0211288e+01
   7.2868915e-02  -2.2061010e+02   3.4338035e+02   6.2328009e+01
   7.3005629e-02  -2.2385997e+02   3.3998659e+02   8.0737542e+01
   7.3142344e-02  -2.3322482e+02   3.2914632e+02   1.0111070e+02
   7.3279059e-02  -2.4291501e+02   3.2163430e+02   1.0888787e+02
   7.3415773e-02  -2.5564746e+02   3.0208009e+02   1.1114426e+02
   7.3552488e-02  -2.6691038e+02   2.9121651e+02   1.0971427e+02
   7.3689203e-02  -2.8500285e+02   2.6786428e+02   1.0298853e+02
   7.3825917e-02  -2.9883549e+02   2.5460838e+02   8.8919412e+01
   7.3962632e-02  -3.1409614e+02   2.3745534e+02   7.9979927e+01
   7.4099347e-02  -3.2936069e+02   2.2086416e+02   7.0630759e+01
   7.4236061e-02  -3.4357782e+02   2.0404071e+02   6.2157388e+01
   7.4372776e-02  -3.5598494e+02   1.8799416e+02   6.3704098e+01
   7.4509491e-02  -3.6480105e+02   1.7050989e+02   5.6324895e+01
   7.4646205e-02  -3.7055372e+02   1.5357645e+02   6.1167963e+01
   7.4782920e-02  -3.7354056e+02   1.2859950e+02   7.7665736e+01
   7.4919634e-02  -3.7433488e+02   1.1191346e+02   9.0097197e+01
   7.5056349e-02  -3.7147517e+02   9.8877590e+01   1.0626916e+02
   7.5193064e-02  -3.6585950e+02   8.7679767e+01   1.2797558e+02
   7.5329778e-02  -3.5756240e+02   7.9586402e+01   1.5369870e+02
   7.5466493e-02  -3.4777039e+02   7.9319652e+01   1.8266744e+02
   7.5603208e-02  -3.3570492e+02   6.8828007e+01   2.1306919e+02
   7.5739922e-02  -3.2310766e+02   7.0049950e+01   2.3917332e+02
   7.5876637e-02  -3.0883371e+02   6.0707672e+01   2.7543967e+02
   7.6013352e-02  -2.9625974e+02   6.1489012e+01   2.9945439e+02
   7.6150066e-02  -2.8103859e+02   4.7692450e+01   3.2792286e+02
   7.6286781e-02  -2.6986158e+02   4.5685399e+01   3.4593092e+02
   7.6423496e-02  -2.5393657e+02   2.6601292e+01   3.6461751e+02
   7.6560210e-02  -2.4582628e+02   2.1590738e+01   3.7410130e+02
   7.6696925e-02  -2.3487283e+02   6.9656604e+00   3.8123397e+02
   7.6833640e-02  -2.2685918e+02  -7.4146634e+00   3.8386283e+02
   7.6970354e-02  -2.2008075e+02  -2.2941825e+01   3.8560561e+02
   7.7107069e-02  -2.1609421e+02  -4.0421533e+01   3.7606402e+02
   7.7243784e-02  -2.1509399e+02  -5.8252051e+01   3.6485546e+02
   7.7380498e-02  -2.1495886e+02  -7.6955181e+01   3.4983551e+02
   7.7517213e-02  -2.1726303e+02  -9.7363686e+01   3.3096356e+02
   7.7653928e-02  -2.2010862e+02  -1.1759108e+02   3.1109850e+02
   7.7790642e-02  -2.2206951e+02  -1.3769374e+02   2.9178452e+02
   7.7927357e-02  -2.2076506e+02  -1.5847413e+02   2.7404013e+02
   7.8064072e-02  -2.1655947e+02  -1.7784202e+02   2.5902722e+02
   7.8200786e-02  -2.0856753e+02  -1.9706115e+02   2.4665057e+02
   7.8337501e-02  -1.9675860e+02  -2.1283267e+02   2.3941512e+02
   7.8474216e-02  -1.8271109e+02  -2.2560964e+02   2.3591884e+02
   7.8610930e-02  -1.6535405e+02  -2.3679812e+02   2.3815306e+02
   7.8747645e-02  -1.4670969e+02  -2.4607492e+02   2.4453564e+02
   7.8884360e-02  -1.2566396e+02  -2.5346038e+02   2.5565472e+02
   7.9021074e-02  -1.0381323e+02  -2.5882219e+02   2.7001789e+02
   7.9157789e-02  -8.0682696e+01  -2.6259484e+02   2.8665104e+02
   7.9294504e-02  -5.6139882e+01  -2.6368704e+02   3.0538989e+02
   7.9431218e-02  -3.2802748e+01  -2.6422173e+02   3.2217577e+02
   7.9567933e-02  -7.2136943e+00  -2.6279921e+02   3.3851782e+02
   7.9704648e-02   1.6160835e+01  -2.6179741e+02   3.5020569e+02
   7.9841362e-02   3.9128402e+01  -2.6087857e+02   3.5970309e+02
   7.9978077e-02   6.7486444e+01  -2.6209426e+02   3.5801905e+02
   8.0114792e-02   8.0535260e+01  -2.6461734e+02   3.6211334e+02
   8.0251506e-02   1.0422234e+02  -2.7009796e+02   3.5182723e+02
   8.0388221e-02   1.1106126e+02  -2.7264353e+02   3.4608346e+02
   8.0524936e-02   1.2145792e+02  -2.7944362e+02   3.3087822e+02
   8.0661650e-02   1.2900245e+02  -2.8684493e+02   3.1152530e+02
   8.0798365e-02   1.3402841e+02  -2.9476185e+02   2.8883526e+02
   8.0935080e-02   1.3602591e+02  -3.0351415e+02   2.6128122e+02
   8.1071794e-02   1.3678950e+02  -3.1250039e+02   2.2995973e+02
   8.1208509e-02   1.3623593e+02  -3.2131637e+02   1.9694972e+02
   8.1345224e-02   1.4262200e+02  -3.2941136e+02   1.5426494e+02
   8.1481938e-02   1.3698384e+02  -3.3721058e+02   1.2456055e+02
   8.1618653e-02   1.3901660e+02  -3.4418589e+02   9.1243827e+01
   8.1755368e-02   1.4246302e+02  -3.4900041e+02   5.2978093e+01
   8.1892082e-02   1.4706372e+02  -3.5392309e+02   3.4248267e+01
   8.2028797e-02   1.5657779e+02  -3.5581183e+02   8.0457257e+00
   8.2165512e-02   1.6899822e+02  -3.5528059e+02   8.1660234e-01
   8.2302226e-02   1.8276694e+02  -3.5402042e+02  -8.7524478e+00
   8.2438941e-02   1.9933666e+02  -3.4930724e+02  -1.1734038e+01
   8.2575656e-02   2.2146936e+02  -3.4205390e+02  -1.6921024e+01
   8.2712370e-02   2.3530805e+02  -3.3399254e+02  -7.0980018e+00
   8.2849085e-02   2.5373555e+02  -3.2350929e+02  -1.8670309e+00
   8.2985800e-02   2.7258157e+02  -3.0965382e+02   4.5375506e+00
   8.3122514e-02   2.8994474e+02  -2.9663410e+02   1.1082009e+01
   8.3259229e-02   3.0769536e+02  -2.8048722e+02   1.7321634e+01
   8.3395944e-02   3.2418959e+02  -2.6333762e+02   2.0780570e+01
   8.3532658e-02   3.3845698e+02  -2.4788087e+02   1.7747176e+01
   8.3669373e-02   3.5267537e+02  -2.2637645e+02   1.6880826e+01
   8.3806087e-02   3.5913763e+02  -2.1847195e+02   1.7531273e+01
   8.3942802e-02   3.6419867e+02  -2.0795746e+02   7.9437129e+00
   8.4079517e-02   3.6656009e+02  -1.9854344e+02  -5.5440640e+00
   8.4216231e-02   3.6386629e+02  -1.9273996e+02  -2.5471888e+01
   8.4352946e-02   3.6026807e+02  -1.8075119e+02  -5.4354169e+01
   8.4489661e-02   3.5163855e+02  -1.8064503e+02  -8.3472494e+01
   8.4626375e-02   3.4056613e+02  -1.7489000e+02  -1.1671610e+02
   8.4763090e-02   3.2887975e+02  -1.5968944e+02  -1.5158729e+02
   8.4899805e-02   3.1712680e+02  -1.5073979e+02  -1.8560650e+02
   8.5036519e-02   3.0465798e+02  -1.4370300e+02  -2.1845059e+02
   8.5173234e-02   2.9373922e+02  -1.4218463e+02  -2.4274095e+02
   8.5309949e-02   2.8377663e+02  -1.3383150e+02  -2.7206161e+02
   8.5446663e-02   2.7665279e+02  -1.2599794e+02  -2.9597443e+02
   8.5583378e-02   2.7181395e+02  -1.1646755e+02  -3.1534836e+02
   8.5720093e-02   2.6929830e+02  -1.0640733e+02  -3.2970395e+02
   8.5856807e-02   2.6837751e+02  -9.4640067e+01  -3.3943730e+02
   8.5993522e-02   2.7060152e+02  -7.9723967e+01  -3.4204775e+02
   8.6130237e-02   2.7455150e+02  -6.2514795e+01  -3.3848208e+02
   8.6266951e-02   2.7621714e+02  -3.5416867e+01  -3.3287161e+02
   8.6403666e-02   2.8390850e+02  -2.0334862e+01  -3.1699652e+02
   8.6540381e-02   2.8813132e+02   9.2281514e-01  -3.0576308e+02
   8.6677095e-02   2.9152657e+02   2.4408344e+01  -2.8746604e+02
   8.6813810e-02   2.9242737e+02   4.4564951e+01  -2.7511844e+02
   8.6950525e-02   2.9222154e+02   6.4260550e+01  -2.6353987e+02
   8.7087239e-02   2.9197181e+02   8.3092759e+01  -2.5272909e+02
   8.7223954e-02   2.8805722e+02   1.0046302e+02  -2.4401893e+02
   8.7360669e-02   2.8331306e+02   1.1608454e+02  -2.3697081e+02
   8.7497383e-02   2.7729090e+02   1.3024240e+02  -2.3299344e+02
   8.7634098e-02   2.6188215e+02   1.4868761e+02  -2.3482372e+02
   8.7770813e-02   2.5379842e+02   1.5383459e+02  -2.3967444e+02
   8.7907527e-02   2.3780955e+02   1.6420975e+02  -2.4912078e+02
   8.8044242e-02   2.1629569e+02   1.7292292e+02  -2.6362141e+02
   8.8180957e-02   1.9165235e+02   1.8122609e+02  -2.8047204e+02
   8.8317671e-02   1.6419052e+02   1.8738973e+02  -3.0043893e+02
   8.8454386e-02   1.3625632e+02   1.9132225e+02  -3.2121946e+02
   8.8591101e-02   1.0743482e+02   1.9576870e+02  -3.4226300e+02
   8.8727815e-02   7.9639026e+01   1.9981734e+02  -3.6227185e+02
   8.8864530e-02   5.4874159e+01   2.0510137e+02  -3.7987696e+02
   8.9001245e-02   3.2637396e+01   2.1052690e+02  -3.9443280e+02
   8.9137959e-02   1.3424804e+01   2.1750145e+02  -4.0387627e+02
   8.9274674e-02  -1.6624180e+00   2.2442358e+02  -4.0843565e+02
   8.9411389e-02  -1.4234326e+01   2.3277365e+02  -4.0590460e+02
   8.9548103e-02  -2.5572744e+01   2.4039236e+02  -3.9849896e+02
   8.9684818e-02  -3.2972542e+01   2.4904695e+02  -3.8382929e+02
   8.9821533e-02  -3.9013286e+01   2.5881952e+02  -3.6404646e+02
   8.9958247e-02  -4.2999864e+01   2.7055746e+02  -3.3861501e+02
   9.0094962e-02  -4.6555305e+01   2.8320184e+02  -3.0976818e+02
   9.0231677e-02  -4.8708841e+01   2.9575867e+02  -2.7440188e+02
   9.0368391e-02  -5.0622426e+01   3.0829677e+02  -2.4879679e+02
   9.0505106e-02  -5.2623629e+01   3.2062831e+02  -2.1899431e+02
   9.0641821e-02  -5.5143664e+01   3.3160036e+02  -1.9090202e+02
   9.0778535e-02  -5.8679876e+01   3.4058311e+02  -1.6544967e+02
   9.0915250e-02  -6.3273054e+01   3.4749127e+02  -1.4316949e+02
   9.1051965e-02  -7.0064965e+01   3.5243618e+02  -1.2304760e+02
   9.1188679e-02  -8.0421115e+01   3.5427512e+02  -1.0810065e+02
   9.1325394e-02  -9.3718671e+01   3.5416054e+02  -9.5340921e+01
   9.1462109e-02  -1.1027005e+02   3.5237009e+02  -8.6386045e+01
   9.1598823e-02  -1.2986108e+02   3.4818263e+02  -8.1726817e+01
   9.1735538e-02  -1.5017596e+02   3.4316674e+02  -8.0503242e+01
   9.1872253e-02  -1.7218852e+02   3.3713988e+02  -8.2613934e+01
   9.2008967e-02  -2.0348537e+02   3.2912792e+02  -8.2170638e+01
   9.2145682e-02  -2.2167771e+02   3.2173926e+02  -9.5874385e+01
   9.2282397e-02  -2.5219680e+02   3.1284116e+02  -9.8868786e+01
   9.2419111e-02  -2.6835678e+02   3.0566768e+02  -1.1135313e+02
   9.2555826e-02  -2.9332141e+02   2.9817585e+02  -1.1100052e+02
   9.2692540e-02  -3.0455862e+02   2.9059193e+02  -1.1712462e+02
   9.2829255e-02  -3.1761174e+02   2.8356101e+02  -1.1297370e+02
   9.2965970e-02  -3.2740861e+02   2.7617833e+02  -1.0363418e+02
   9.3102684e-02  -3.3562261e+02   2.6683311e+02  -8.0903713e+01
   9.3239399e-02  -3.3639918e+02   2.6309069e+02  -6.8716288e+01
   9.3376114e-02  -3.3674133e+02   2.5679041e+02  -4.5138785e+01
   9.3512828e-02  -3.3403937e+02   2.5249377e+02  -1.8038840e+01
   9.3649543e-02  -3.2911471e+02   2.4820836e+02   1.1810580e+01
   9.3786258e-02  -3.2436350e+02   2.3918780e+02   4.8698917e+01
   9.3922972e-02  -3.1347131e+02   2.4175500e+02   7.5908267e+01
   9.4059687e-02  -3.0396045e+02   2.4010173e+02   1.0887468e+02
   9.4196402e-02  -2.9395843e+02   2.3782608e+02   1.4117573e+02
   9.4333116e-02  -2.8570944e+02   2.3378638e+02   1.7767678e+02
   9.4469831e-02  -2.7796942e+02   2.2798335e+02   1.9846011e+02
   9.4606546e-02  -2.7219909e+02   2.1877277e+02   2.2260104e+02
   9.4743260e-02  -2.6924115e+02   2.0654431e+02   2.4998602e+02
   9.4879975e-02  -2.6856814e+02   1.9104827e+02   2.5866052e+02
   9.5016690e-02  -2.7046839e+02   1.7506477e+02   2.6856908e+02
   9.5153404e-02  -2.7567727e+02   1.5683691e+02   2.7075866e+02
   9.5290119e-02  -2.8367489e+02   1.3043289e+02   2.7521903e+02
   9.5426834e-02  -2.9355588e+02   1.1759676e+02   2.7020727e+02
   9.5563548e-02  -3.0417462e+02   9.8398130e+01   2.5748682e+02
   9.5700263e-02  -3.1625019e+02   7.9084725e+01   2.5264315e+02
   9.5836978e-02  -3.2898302e+02   5.8979746e+01   2.3583065e+02
   9.5973692e-02  -3.3960425e+02   3.9491659e+01   2.2946746e+02
   9.6110407e-02  -3.4756464e+02   2.0183953e+01   2.1833611e+02
   9.6247122e-02  -3.5322911e+02  -3.9358811e-01   2.0530630e+02
   9.6383836e-02  -3.5437065e+02  -1.9354941e+01   1.9931435e+02
   9.6520551e-02  -3.4778600e+02  -4.5242831e+01   1.9968932e+02
   9.6657266e-02  -3.4482058e+02  -5.3852961e+01   1.9941159e+02
   9.6793980e-02  -3.3244200e+02  -6.7100120e+01   2.0803838e+02
   9.6930695e-02  -3.1804504e+02  -7.6849529e+01   2.2154363e+02
   9.7067410e-02  -2.9954049e+02  -8.4587244e+01   2.3965865e+02
   9.7204124e-02  -2.8011286e+02  -9.1280369e+01   2.6052269e+02
   9.7340839e-02  -2.5892217e+02  -9.6753665e+01   2.8523511e+02
   9.7477554e-02  -2.3644701e+02  -1.0113701e+02   3.0789308e+02
   9.7614268e-02  -2.1420715e+02  -1.0618738e+02   3.2870967e+02
   9.7750983e-02  -1.8496088e+02  -1.1746316e+02   3.5200148e+02
   9.7887698e-02  -1.6745660e+02  -1.1768877e+02   3.7172761e+02
   9.8024412e-02  -1.4401701e+02  -1.2544698e+02   3.8827756e+02
   9.8161127e-02  -1.1372659e+02  -1.3473217e+02   4.0193925e+02
   9.8297842e-02  -1.0009149e+02  -1.4496060e+02   4.1124178e+02
   9.8434556e-02  -8.2289846e+01  -1.5558435e+02   4.1507165e+02
   9.8571271e-02  -5.9120127e+01  -1.7389351e+02   4.1453181e+02
   9.8707986e-02  -5.4486460e+01  -1.8180818e+02   4.0868245e+02
   9.8844700e-02  -4.5866634e+01  -1.9703647e+02   3.9856734e+02
   9.8981415e-02  -4.1836931e+01  -2.1387673e+02   3.8267990e+02
   9.9118130e-02  -3.9732327e+01  -2.3020666e+02   3.6511032e+02
   9.9254844e-02  -3.9954697e+01  -2.4676706e+02   3.4341653e+02
   9.9391559e-02  -3.4774270e+01  -2.6669346e+02   3.1723694e+02
   9.9528274e-02  -3.4610831e+01  -2.8162251e+02   2.9030436e+02
   9.9664988e-02  -4.0117866e+01  -2.9210160e+02   2.6647482e+02
   9.9801703e-02  -2.9769677e+01  -3.0639197e+02   2.3769968e+02
   9.9938418e-02  -3.1796995e+01  -3.1522268e+02   2.1753345e+02
   1.0007513e-01  -2.3633135e+01  -3.2501374e+02   1.9750023e+02
   1.0021185e-01  -5.6706796e+00  -3.3421077e+02   1.7671225e+02
   1.0034856e-01   8.3631961e+00  -3.3659268e+02   1.6659859e+02
   1.0048528e-01   2.4111083e+01  -3.4190806e+02   1.6134633e+02
   1.0062199e-01   3.6432451e+01  -3.4071989e+02   1.6573001e+02
   1.0075871e-01   5.7243211e+01  -3.3870259e+02   1.6558339e+02
   1.0089542e-01   7.9154937e+01  -3.3514760e+02   1.7128397e+02
   1.0103213e-01   1.0211010e+02  -3.2978441e+02   1.8593324e+02
   1.0116885e-01   1.2669851e+02  -3.2324998e+02   1.8673133e+02
   1.0130556e-01   1.5822069e+02  -3.1633449e+02   1.9315186e+02
   1.0144228e-01   1.7694053e+02  -3.0898124e+02   2.0548264e+02
   1.0157899e-01   2.0684938e+02  -3.0294820e+02   1.9951999e+02
   1.0171571e-01   2.2756833e+02  -2.9714633e+02   2.0024003e+02
   1.0185242e-01   2.4628112e+02  -2.9323387e+02   1.9677258e+02
   1.0198914e-01   2.6272813e+02  -2.9071605e+02   1.8993434e+02
   1.0212585e-01   2.7630765e+02  -2.8961744e+02   1.7895919e+02
   1.0226257e-01   2.8120615e+02  -2.9010757e+02   1.6322941e+02
   1.0239928e-01   2.9264762e+02  -2.9201004e+02   1.4362562e+02
   1.0253600e-01   2.9061432e+02  -2.9565998e+02   1.2520411e+02
   1.0267271e-01   2.8990149e+02  -2.9971537e+02   9.6299639e+01
   1.0280943e-01   2.9029090e+02  -3.0324567e+02   5.7785389e+01
   1.0294614e-01   2.8506729e+02  -3.0196548e+02   2.3512791e+01
   1.0308285e-01   2.7721983e+02  -3.0400267e+02  -1.3803547e+01
   1.0321957e-01   2.7110415e+02  -3.0282189e+02  -4.8957611e+01
   1.0335628e-01   2.6630033e+02  -2.9946539e+02  -8.1407235e+01
   1.0349300e-01   2.5855173e+02  -3.0074544e+02  -1.0618284e+02
   1.0362971e-01   2.5633180e+02  -2.9497398e+02  -1.3128050e+02
   1.0376643e-01   2.5859734e+02  -2.8188847e+02  -1.5659457e+02
   1.0390314e-01   2.5781682e+02  -2.7840381e+02  -1.6675532e+02
   1.0403986e-01   2.6192747e+02  -2.6832905e+02  -1.7742011e+02
   1.0417657e-01   2.6796114e+02  -2.5596062e+02  -1.8316110e+02
   1.0431329e-01   2.7620658e+02  -2.4191102e+02  -1.9054269e+02
   1.0445000e-01   2.8570394e+02  -2.2468887e+02  -1.8258022e+02
   1.0458672e-01   2.9707182e+02  -2.0495929e+02  -1.7815528e+02
   1.0472343e-01   3.0923797e+02  -1.8333001e+02  -1.7215598e+02
   1.0486015e-01   3.2264564e+02  -1.5923254e+02  -1.6435247e+02
   1.0499686e-01   3.3550571e+02  -1.3590442e+02  -1.6202078e+02
   1.0513357e-01   3.4700896e+02  -1.0718171e+02  -1.5375455e+02
   1.0527029e-01   3.5785244e+02  -9.3241841e+01  -1.4187096e+02
   1.0540700e-01   3.6612501e+02  -6.8926019e+01  -1.4552366e+02
   1.0554372e-01   3.7136717e+02  -5.9422680e+01  -1.4205542e+02
   1.0568043e-01   3.7423044e+02  -3.9665668e+01  -1.5338052e+02
   1.0581715e-01   3.7454221e+02  -3.3077873e+01  -1.5745319e+02
   1.0595386e-01   3.7009468e+02  -2.3186363e+01  -1.7577567e+02
   1.0609058e-01   3.6128413e+02  -6.2343137e+00  -1.9148811e+02
   1.0622729e-01   3.4805063e+02   2.4660654e+00  -2.1224906e+02
   1.0636401e-01   3.3523223e+02   4.4116146e+00  -2.3169018e+02
   1.0650072e-01   3.1410760e+02   2.0578431e+01  -2.5838875e+02
   1.0663744e-01   2.9166212e+02   2.7071585e+01  -2.8625698e+02
   1.0677415e-01   2.7321842e+02   2.5537636e+01  -3.1205824e+02
   1.0691087e-01   2.4555266e+02   3.6793320e+01  -3.4377238e+02
   1.0704758e-01   2.2946848e+02   3.6592633e+01  -3.6770197e+02
   1.0718429e-01   2.0932557e+02   4.3372481e+01  -3.8588832e+02
   1.0732101e-01   1.8610725e+02   5.6586602e+01  -4.0237360e+02
   1.0745772e-01   1.7226599e+02   6.6454066e+01  -4.1055228e+02
   1.0759444e-01   1.6008683e+02   7.8116488e+01  -4.1420185e+02
   1.0773115e-01   1.5072788e+02   9.2709533e+01  -4.1151231e+02
   1.0786787e-01   1.4933421e+02   1.0321047e+02  -4.0302640e+02
   1.0800458e-01   1.3672334e+02   1.2105310e+02  -3.9114146e+02
   1.0814130e-01   1.3836944e+02   1.4122469e+02  -3.7569026e+02
   1.0827801e-01   1.3397175e+02   1.6205534e+02  -3.5719871e+02
   1.0841473e-01   1.2425624e+02   1.8718932e+02  -3.3671426e+02
   1.0855144e-01   1.2917876e+02   2.0143644e+02  -3.1525939e+02
   1.0868816e-01   1.2668322e+02   2.2108836e+02  -2.9413431e+02
   1.0882487e-01   1.1621667e+02   2.4487029e+02  -2.7485148e+02
   1.0896159e-01   1.1302950e+02   2.6226514e+02  -2.5736298e+02
   1.0909830e-01   1.1366392e+02   2.7196752e+02  -2.4390836e+02
   1.0923501e-01   1.0049986e+02   2.8983658e+02  -2.3273932e+02
   1.0937173e-01   9.5976885e+01   2.9519919e+02  -2.2687019e+02
   1.0950844e-01   7.6305225e+01   3.0581028e+02  -2.2270042e+02
   1.0964516e-01   6.5465924e+01   3.0607927e+02  -2.2623967e+02
   1.0978187e-01   3.9138433e+01   3.0761500e+02  -2.2540312e+02
   1.0991859e-01   1.5753085e+01   3.0783644e+02  -2.3190187e+02
   1.1005530e-01  -8.7146585e+00   3.0997966e+02  -2.3977339e+02
   1.1019202e-01  -2.8300842e+01   3.0452611e+02  -2.5533516e+02
   1.1032873e-01  -5.3941411e+01   3.0201902e+02  -2.6232845e+02
   1.1046545e-01  -8.6165162e+01   3.0105815e+02  -2.7337228e+02
   1.1060216e-01  -1.1159214e+02   2.9694283e+02  -2.8486262e+02
   1.1073888e-01  -1.2811813e+02   2.9239050e+02  -2.9205167e+02
   1.1087559e-01  -1.5459375e+02   2.9104483e+02  -2.9594404e+02
   1.1101231e-01  -1.6554786e+02   2.8903359e+02  -2.9895495e+02
   1.1114902e-01  -1.8776996e+02   2.8813677e+02  -2.8590939e+02
   1.1128573e-01  -2.0022980e+02   2.8881788e+02  -2.7009184e+02
   1.1142245e-01  -2.1013581e+02   2.9168332e+02  -2.4833917e+02
   1.1155916e-01  -2.1106469e+02   2.9540751e+02  -2.2228027e+02
   1.1169588e-01  -2.2091589e+02   3.0064485e+02  -1.9319321e+02
   1.1183259e-01  -2.1621994e+02   3.0711123e+02  -1.6087628e+02
   1.1196931e-01  -2.2220097e+02   3.1482049e+02  -1.2726707e+02
   1.1210602e-01  -2.1630978e+02   3.2202878e+02  -9.9929157e+01
   1.1224274e-01  -2.2120560e+02   3.2952931e+02  -5.9642669e+01
   1.1237945e-01  -2.1987909e+02   3.3603742e+02  -2.7112023e+01
   1.1251617e-01  -2.2006712e+02   3.4077798e+02   2.6510039e+00
   1.1265288e-01  -2.1637446e+02   3.4460667e+02   2.3890203e+01
   1.1278960e-01  -2.1807327e+02   3.4539164e+02   4.8480534e+01
   1.1292631e-01  -2.2112215e+02   3.4327923e+02   6.9108456e+01
   1.1306303e-01  -2.2596883e+02   3.3814268e+02   9.2264221e+01
   1.1319974e-01  -2.3351048e+02   3.3007748e+02   9.6635101e+01
   1.1333645e-01  -2.4509138e+02   3.1769386e+02   1.0830472e+02
   1.1347317e-01  -2.6153307e+02   2.9799052e+02   1.0931103e+02
   1.1360988e-01  -2.7326200e+02   2.8648668e+02   1.0012015e+02
   1.1374660e-01  -2.8950759e+02   2.6813536e+02   9.2751018e+01
   1.1388331e-01  -3.0586132e+02   2.4942880e+02   8.9362477e+01
   1.1402003e-01  -3.2054673e+02   2.3213181e+02   7.4503968e+01
   1.1415674e-01  -3.3531161e+02   2.1484523e+02   6.5344571e+01
   1.1429346e-01  -3.4875259e+02   1.9774266e+02   5.7896642e+01
   1.1443017e-01  -3.5952631e+02   1.8181486e+02   6.1864642e+01
   1.1456689e-01  -3.6748194e+02   1.6396580e+02   5.5665634e+01
   1.1470360e-01  -3.7222504e+02   1.4712659e+02   6.9998683e+01
   1.1484032e-01  -3.7374988e+02   1.3096456e+02   8.0874061e+01
   1.1497703e-01  -3.7367398e+02   1.0760208e+02   9.4672681e+01
   1.1511374e-01  -3.6926173e+02   9.5793131e+01   1.1322537e+02
   1.1525046e-01  -3.6257570e+02   8.5872086e+01   1.3674933e+02
   1.1538717e-01  -3.5326164e+02   8.5171849e+01   1.5837684e+02
   1.1552389e-01  -3.4243366e+02   7.3481283e+01   1.9385398e+02
   1.1566060e-01  -3.3008284e+02   7.4595835e+01   2.2519168e+02
   1.1579732e-01  -3.1724108e+02   6.4907669e+01   2.5638651e+02
   1.1593403e-01  -3.0460130e+02   6.5835918e+01   2.8162310e+02
   1.1607075e-01  -2.8967142e+02   6.0476620e+01   3.1353775e+02
   1.1620746e-01  -2.7808894e+02   5.2220047e+01   3.3347805e+02
   1.1634418e-01  -2.6503119e+02   4.3044072e+01   3.5320804e+02
   1.1648089e-01  -2.4934498e+02   3.1335862e+01   3.7028222e+02
   1.1661761e-01  -2.3779499e+02   1.0564111e+01   3.7956104e+02
   1.1675432e-01  -2.3210794e+02   3.1027148e+00   3.8276025e+02
   1.1689104e-01  -2.2518060e+02  -1.3250723e+01   3.8321502e+02
   1.1702775e-01  -2.2000205e+02  -2.8249323e+01   3.8062876e+02
   1.1716446e-01  -2.1843341e+02  -4.5834178e+01   3.7410742e+02
   1.1730118e-01  -2.1805270e+02  -6.4614731e+01   3.5834365e+02
   1.1743789e-01  -2.1865063e+02  -8.3622294e+01   3.4188310e+02
   1.1757461e-01  -2.1506037e+02  -1.0355065e+02   3.2302228e+02
   1.1771132e-01  -2.2136365e+02  -1.2384886e+02   3.0317497e+02
   1.1784804e-01  -2.2100220e+02  -1.4433199e+02   2.8461001e+02
   1.1798475e-01  -2.1967252e+02  -1.6532702e+02   2.6648003e+02
   1.1812147e-01  -2.1337960e+02  -1.8378910e+02   2.5367116e+02
   1.1825818e-01  -2.0482638e+02  -2.0186647e+02   2.4307675e+02
   1.1839490e-01  -1.8573975e+02  -2.2288836e+02   2.3637033e+02
   1.1853161e-01  -1.6997037e+02  -2.3501933e+02   2.3631158e+02
   1.1866833e-01  -1.6005584e+02  -2.3970811e+02   2.4013681e+02
   1.1880504e-01  -1.3342817e+02  -2.5388575e+02   2.4907808e+02
   1.1894176e-01  -1.1284076e+02  -2.6052246e+02   2.6068561e+02
   1.1907847e-01  -9.5917575e+01  -2.5976486e+02   2.7727832e+02
   1.1921518e-01  -7.1974861e+01  -2.6245142e+02   2.9475397e+02
   1.1935190e-01  -4.8235921e+01  -2.6287182e+02   3.1313884e+02
   1.1948861e-01  -2.4039185e+01  -2.6303713e+02   3.2981131e+02
   1.1962533e-01   7.1244200e+00  -2.6447752e+02   3.4188549e+02
   1.1976204e-01   2.4446850e+01  -2.6101613e+02   3.5543182e+02
   1.1989876e-01   4.7588979e+01  -2.6059667e+02   3.5844036e+02
   1.2003547e-01   7.5068572e+01  -2.6573123e+02   3.5994011e+02
   1.2017219e-01   9.3931931e+01  -2.6762352e+02   3.5757604e+02
   1.2030890e-01   1.0211389e+02  -2.6922692e+02   3.5449063e+02
   1.2044562e-01   1.2065785e+02  -2.7766804e+02   3.3725127e+02
   1.2058233e-01   1.2987717e+02  -2.8361430e+02   3.2163365e+02
   1.2071905e-01   1.3477990e+02  -2.9167245e+02   2.9939075e+02
   1.2085576e-01   1.3771131e+02  -2.9964519e+02   2.7375195e+02
   1.2099248e-01   1.3308309e+02  -3.0733381e+02   2.4412729e+02
   1.2112919e-01   1.3432228e+02  -3.1557942e+02   2.1838796e+02
   1.2126590e-01   1.3416451e+02  -3.2481921e+02   1.8290154e+02
   1.2140262e-01   1.4136001e+02  -3.3254612e+02   1.3884581e+02
   1.2153933e-01   1.4328150e+02  -3.4029090e+02   1.0385224e+02
   1.2167605e-01   1.4043245e+02  -3.4583300e+02   8.0081722e+01
   1.2181276e-01   1.4848754e+02  -3.5127887e+02   4.3301250e+01
   1.2194948e-01   1.5553811e+02  -3.5453567e+02   2.0836153e+01
   1.2208619e-01   1.5905619e+02  -3.5591756e+02   9.9874506e+00
   1.2222291e-01   1.7723145e+02  -3.5498158e+02  -7.8343621e+00
   1.2235962e-01   1.9195755e+02  -3.5260710e+02  -1.4752777e+01
   1.2249634e-01   2.0425424e+02  -3.4733230e+02  -1.5381465e+01
   1.2263305e-01   2.2243776e+02  -3.4071837e+02  -7.8746632e+00
   1.2276977e-01   2.4151038e+02  -3.3074552e+02  -3.1811980e+00
   1.2290648e-01   2.6039909e+02  -3.1948684e+02   2.5887845e+00
   1.2304320e-01   2.7893627e+02  -3.0576379e+02   9.2980721e+00
   1.2317991e-01   3.0021550e+02  -2.8683255e+02   8.8159290e+00
   1.2331662e-01   3.1720215e+02  -2.7032298e+02   1.3769757e+01
   1.2345334e-01   3.2998349e+02  -2.5920028e+02   1.7814970e+01
   1.2359005e-01   3.4372929e+02  -2.4270942e+02   2.4626504e+01
   1.2372677e-01   3.5737081e+02  -2.2186823e+02   1.7800987e+01
   1.2386348e-01   3.6179523e+02  -2.1518882e+02   1.6075747e+01
   1.2400020e-01   3.6574254e+02  -2.0532173e+02   5.4882599e+00
   1.2413691e-01   3.6554155e+02  -1.9739954e+02  -1.6906538e+01
   1.2427363e-01   3.6195619e+02  -1.9144872e+02  -3.8396721e+01
   1.2441034e-01   3.5614857e+02  -1.8556873e+02  -6.5417901e+01
   1.2454706e-01   3.4722055e+02  -1.7997101e+02  -9.5383994e+01
   1.2468377e-01   3.3597320e+02  -1.6564181e+02  -1.2918034e+02
   1.2482049e-01   3.2389928e+02  -1.5732041e+02  -1.6401406e+02
   1.2495720e-01   3.1204922e+02  -1.5653395e+02  -1.9762470e+02
   1.2509392e-01   2.9965026e+02  -1.4209952e+02  -2.2981353e+02
   1.2523063e-01   2.8919504e+02  -1.3386888e+02  -2.5970128e+02
   1.2536734e-01   2.8042334e+02  -1.3232650e+02  -2.8615671e+02
   1.2550406e-01   2.7346296e+02  -1.2398120e+02  -3.0370228e+02
   1.2564077e-01   2.7026708e+02  -1.0823871e+02  -3.2575412e+02
   1.2577749e-01   2.6873456e+02  -1.0351786e+02  -3.3790360e+02
   1.2591420e-01   2.6928962e+02  -8.4025695e+01  -3.4322605e+02
   1.2605092e-01   2.7158272e+02  -6.8138392e+01  -3.4299910e+02
   1.2618763e-01   2.7498467e+02  -4.9183749e+01  -3.3705895e+02
   1.2632435e-01   2.8153096e+02  -3.6081500e+01  -3.2438590e+02
   1.2646106e-01   2.8312692e+02  -6.3322078e+00  -3.1368622e+02
   1.2659778e-01   2.9099585e+02   8.9179285e+00  -2.9599871e+02
   1.2673449e-01   2.8822804e+02   3.7203118e+01  -2.8516386e+02
   1.2687121e-01   2.9475957e+02   5.2090403e+01  -2.6795551e+02
   1.2700792e-01   2.9404665e+02   7.0859898e+01  -2.5760427e+02
   1.2714464e-01   2.9242918e+02   8.9586725e+01  -2.4771343e+02
   1.2728135e-01   2.8852554e+02   1.0586746e+02  -2.3991058e+02
   1.2741806e-01   2.8290531e+02   1.2127976e+02  -2.3415436e+02
   1.2755478e-01   2.7457195e+02   1.3407226e+02  -2.3296851e+02
   1.2769149e-01   2.6341876e+02   1.4613165e+02  -2.3580175e+02
   1.2782821e-01   2.4254449e+02   1.5688292e+02  -2.4316809e+02
   1.2796492e-01   2.2986631e+02   1.6633909e+02  -2.5457698e+02
   1.2810164e-01   2.0670644e+02   1.7399512e+02  -2.7111730e+02
   1.2823835e-01   1.8222496e+02   1.8223324e+02  -2.8853373e+02
   1.2837507e-01   1.4737197e+02   1.9349825e+02  -3.0874791e+02
   1.2851178e-01   1.2673441e+02   1.9135613e+02  -3.2990466e+02
   1.2864850e-01   9.1097074e+01   2.0162839e+02  -3.5082884e+02
   1.2878521e-01   6.5436366e+01   2.0704097e+02  -3.6901550e+02
   1.2892193e-01   4.7461381e+01   2.0616055e+02  -3.8618752e+02
   1.2905864e-01   2.6133124e+01   2.1202968e+02  -3.9810199e+02
   1.2919536e-01   8.1227875e+00   2.1845608e+02  -4.0510085e+02
   1.2933207e-01  -6.9932714e+00   2.2587615e+02  -4.0885702e+02
   1.2946878e-01  -1.8327831e+01   2.3414215e+02  -4.0507931e+02
   1.2960550e-01  -2.6865232e+01   2.4349336e+02  -3.9378094e+02
   1.2974221e-01  -4.0221684e+01   2.5516675e+02  -3.7366354e+02
   1.2987893e-01  -4.5292084e+01   2.6603177e+02  -3.5040191e+02
   1.3001564e-01  -4.2045564e+01   2.7555946e+02  -3.2794664e+02
   1.3015236e-01  -5.2533298e+01   2.8815765e+02  -2.9407661e+02
   1.3028907e-01  -5.3718338e+01   3.0330287e+02  -2.6245982e+02
   1.3042579e-01  -4.9339228e+01   3.1287705e+02  -2.3707015e+02
   1.3056250e-01  -5.1805444e+01   3.2438469e+02  -2.0882660e+02
   1.3069922e-01  -5.3350440e+01   3.3534196e+02  -1.8116299e+02
   1.3083593e-01  -5.7611402e+01   3.4355328e+02  -1.5739280e+02
   1.3097265e-01  -6.4093804e+01   3.4920681e+02  -1.3686972e+02
   1.3110936e-01  -7.3271586e+01   3.5269381e+02  -1.1958091e+02
   1.3124608e-01  -8.4858622e+01   3.5437668e+02  -1.0403862e+02
   1.3138279e-01  -1.0561000e+02   3.5422977e+02  -8.4453445e+01
   1.3151950e-01  -1.2344082e+02   3.5135247e+02  -7.6853562e+01
   1.3165622e-01  -1.4258921e+02   3.4689473e+02  -7.3930169e+01
   1.3179293e-01  -1.5726464e+02   3.4111773e+02  -7.5703416e+01
   1.3192965e-01  -1.8035770e+02   3.3398968e+02  -7.9674270e+01
   1.3206636e-01  -2.1063305e+02   3.2638803e+02  -8.6978695e+01
   1.3220308e-01  -2.3557175e+02   3.1788049e+02  -9.5732732e+01
   1.3233979e-01  -2.5887472e+02   3.1011965e+02  -1.0353786e+02
   1.3247651e-01  -2.8048177e+02   3.0279059e+02  -1.1023198e+02
   1.3261322e-01  -2.9892815e+02   2.9383188e+02  -1.1319190e+02
   1.3274994e-01  -3.1027983e+02   2.8771522e+02  -1.1862137e+02
   1.3288665e-01  -3.2244439e+02   2.8065712e+02  -1.1254701e+02
   1.3302337e-01  -3.3309813e+02   2.7110332e+02  -9.3082004e+01
   1.3316008e-01  -3.3446062e+02   2.6850929e+02  -8.3144783e+01
   1.3329679e-01  -3.3869029e+02   2.6257535e+02  -5.4661906e+01
   1.3343351e-01  -3.3735308e+02   2.5205786e+02  -2.8902900e+01
   1.3357022e-01  -3.3363597e+02   2.4648621e+02  -1.0188433e+00
   1.3370694e-01  -3.2779964e+02   2.4749923e+02   2.9109625e+01
   1.3384365e-01  -3.1983589e+02   2.3873078e+02   6.0826173e+01
   1.3398037e-01  -3.0870182e+02   2.4161670e+02   8.8361036e+01
   1.3411708e-01  -2.9863048e+02   2.4058877e+02   1.2140166e+02
   1.3425380e-01  -2.8957091e+02   2.3827446e+02   1.5232113e+02
   1.3439051e-01  -2.8215514e+02   2.2878708e+02   1.8761457e+02
   1.3452723e-01  -2.7497753e+02   2.2741071e+02   2.0730926e+02
   1.3466394e-01  -2.7066795e+02   2.1654205e+02   2.3752611e+02
   1.3480066e-01  -2.6866550e+02   1.9465549e+02   2.5518352e+02
   1.3493737e-01  -2.6910854e+02   1.7838854e+02   2.6798114e+02
   1.3507409e-01  -2.7258281e+02   1.6861099e+02   2.6827031e+02
   1.3521080e-01  -2.7878006e+02   1.4981379e+02   2.7504396e+02
   1.3534751e-01  -2.8785114e+02   1.2403808e+02   2.7129697e+02
   1.3548423e-01  -2.9810539e+02   1.0512627e+02   2.6515156e+02
   1.3562094e-01  -3.0945477e+02   9.2094441e+01   2.5648779e+02
   1.3575766e-01  -3.2124855e+02   6.6793072e+01   2.4628858e+02
   1.3589437e-01  -3.3291984e+02   5.3210712e+01   2.3047485e+02
   1.3603109e-01  -3.4231485e+02   2.6873982e+01   2.2278976e+02
   1.3616780e-01  -3.4939327e+02   1.3456563e+01   2.1200908e+02
   1.3630452e-01  -3.5248025e+02  -6.0919436e+00   2.0387206e+02
   1.3644123e-01  -3.5220462e+02  -2.5131372e+01   1.9868817e+02
   1.3657795e-01  -3.5128090e+02  -4.2597238e+01   1.9605355e+02
   1.3671466e-01  -3.3633948e+02  -6.4111035e+01   2.0458483e+02
   1.3685138e-01  -3.2285889e+02  -7.5497413e+01   2.1553438e+02
   1.3698809e-01  -3.1183216e+02  -7.9284039e+01   2.2720211e+02
   1.3712481e-01  -2.9268884e+02  -8.6273960e+01   2.4677954e+02
   1.3726152e-01  -2.6671615e+02  -9.7835248e+01   2.7145665e+02
   1.3739823e-01  -2.4557011e+02  -1.0320048e+02   2.9322342e+02
   1.3753495e-01  -2.2243655e+02  -1.0129839e+02   3.1686583e+02
   1.3767166e-01  -2.0458875e+02  -1.0561483e+02   3.3988387e+02
   1.3780838e-01  -1.8173339e+02  -1.1108811e+02   3.6036831e+02
   1.3794509e-01  -1.5307165e+02  -1.2533510e+02   3.7926336e+02
   1.3808181e-01  -1.2945951e+02  -1.2651386e+02   3.9566870e+02
   1.3821852e-01  -1.1542995e+02  -1.3678921e+02   4.0714046e+02
   1.3835524e-01  -8.8535028e+01  -1.5407792e+02   4.1340089e+02
   1.3849195e-01  -7.0491854e+01  -1.6460888e+02   4.1612999e+02
   1.3862867e-01  -5.6490903e+01  -1.7758299e+02   4.1288398e+02
   1.3876538e-01  -4.6197830e+01  -1.9233375e+02   4.0479258e+02
   1.3890210e-01  -4.5223317e+01  -2.0211451e+02   3.9325468e+02
   1.3903881e-01  -3.5717940e+01  -2.1925358e+02   3.7552029e+02
   1.3917553e-01  -4.0114727e+01  -2.3610534e+02   3.5625013e+02
   1.3931224e-01  -4.1201768e+01  -2.5290012e+02   3.3281854e+02
   1.3944895e-01  -4.1116080e+01  -2.6799967e+02   3.0917190e+02
   1.3958567e-01  -4.1727534e+01  -2.8280317e+02   2.8319211e+02
   1.3972238e-01  -4.0404918e+01  -2.9505736e+02   2.5761757e+02
   1.3985910e-01  -3.0419815e+01  -3.0998840e+02   2.2838248e+02
